3.158363309444082545e-07 3.596241726342817165e-08 0.000000000000000000e+00 8.465641489577890931e-09
3.457545288574824187e-07 1.102863004848904316e-08 0.000000000000000000e+00 8.550322463966186796e-09
3.331128548153852283e-07 2.636078732626819929e-08 0.000000000000000000e+00 6.856956805322933795e-09
3.466966708430395491e-07 3.507431632596020344e-08 0.000000000000000000e+00 5.648484756701509802e-09
2.997426436948929273e-07 4.994097252876575157e-08 0.000000000000000000e+00 7.552693464573827792e-09
3.338572215839297212e-07 4.299547967319852552e-08 0.000000000000000000e+00 6.051515842246165819e-09
2.998427846699509201e-07 7.035077974383434217e-08 0.000000000000000000e+00 7.631339790142185658e-09
2.987513640867564726e-07 3.018299503806150232e-07 0.000000000000000000e+00 6.784797856783453553e-09
3.143852938143800619e-07 3.098969950446915699e-07 0.000000000000000000e+00 6.853494772159832715e-09
3.288290224420243682e-07 3.104886780556505329e-07 0.000000000000000000e+00 4.353933728301248487e-09
3.283230883279530480e-07 3.230338245859341970e-07 0.000000000000000000e+00 5.379432333089957726e-09
3.315241951792905281e-07 3.535261500442132936e-07 0.000000000000000000e+00 5.018429398679451878e-09
3.150245808584494313e-07 3.252301683832786849e-07 0.000000000000000000e+00 5.046218894587327567e-09
3.236221426777503654e-07 3.391522732191385965e-07 0.000000000000000000e+00 7.638585542445227958e-09
3.426232736659674733e-07 3.335639855175883566e-07 0.000000000000000000e+00 7.716775398811774989e-09
3.463095628343885798e-07 3.515758570351271265e-07 0.000000000000000000e+00 6.530991847136245893e-09
2.784189038847160852e-07 9.363110897946719158e-08 0.000000000000000000e+00 5.395687088845875909e-09
2.529470600997670091e-07 1.132959543044501667e-07 0.000000000000000000e+00 6.495272546699447235e-09
2.694044812871220596e-07 7.889263134378158492e-08 0.000000000000000000e+00 8.008633435482080841e-09
2.315976933138450085e-07 1.390159149683826836e-07 0.000000000000000000e+00 5.889263486059584144e-09
2.327513640867564904e-07 1.218299503806149996e-07 0.000000000000000000e+00 6.784797856783453553e-09
2.483852938143800797e-07 1.298969950446915727e-07 0.000000000000000000e+00 6.853494772159832715e-09
2.623219537517120147e-07 9.781647325299696471e-08 0.000000000000000000e+00 7.506232899001789181e-09
2.628512290331534114e-07 1.208165289953137120e-07 0.000000000000000000e+00 3.143067615391028757e-09
2.337426436948929451e-07 2.299409725287657553e-07 0.000000000000000000e+00 7.552693464573827792e-09
2.784189038847160852e-07 2.736311089794671755e-07 0.000000000000000000e+00 5.395687088845875909e-09
2.338427846699509379e-07 2.503507797438343526e-07 0.000000000000000000e+00 7.631339790142185658e-09
2.493095549837662173e-07 2.629181607182161471e-07 0.000000000000000000e+00 7.820950136393930282e-09
2.694044812871220596e-07 2.588926313437815821e-07 0.000000000000000000e+00 8.008633435482080841e-09
2.623219537517120147e-07 2.778164732529969354e-07 0.000000000000000000e+00 7.506232899001789181e-09
1.995241951792905372e-07 1.735261500442132700e-07 0.000000000000000000e+00 5.018429398679451878e-09
1.698973786317338983e-07 1.581331431551969962e-07 0.000000000000000000e+00 9.223489946383479453e-09
1.632045683371799464e-07 1.738713421724423610e-07 0.000000000000000000e+00 4.034313748056373565e-09
1.916221426777503745e-07 1.591522732191385729e-07 0.000000000000000000e+00 7.638585542445227958e-09
1.735479390265329667e-07 1.748181148788969643e-07 0.000000000000000000e+00 4.017270335322563286e-09
1.849080420250149449e-07 1.737739178845184117e-07 0.000000000000000000e+00 4.826187233065481021e-09
2.106232736659674824e-07 1.535639855175883859e-07 0.000000000000000000e+00 7.716775398811774989e-09
1.693756617490425728e-07 1.941249569557735799e-07 0.000000000000000000e+00 8.820735918095216364e-09
1.907073943690659547e-07 1.902952857216273363e-07 0.000000000000000000e+00 7.981743128672064376e-09
2.011128548153852375e-07 2.063607873262681964e-07 0.000000000000000000e+00 6.856956805322933795e-09
2.146966708430395582e-07 2.150743163259602138e-07 0.000000000000000000e+00 5.648484756701509802e-09
1.042778142879421695e-07 1.010961742787054214e-07 0.000000000000000000e+00 9.518507381593581189e-09
1.209470600997669918e-07 1.132959543044501667e-07 0.000000000000000000e+00 6.495272546699447235e-09
1.163852938143800624e-07 1.298969950446915727e-07 0.000000000000000000e+00 6.853494772159832715e-09
1.308290224420243687e-07 1.304886780556505622e-07 0.000000000000000000e+00 4.353933728301248487e-09
1.303230883279530485e-07 1.430338245859342263e-07 0.000000000000000000e+00 5.379432333089957726e-09
1.308512290331533941e-07 1.208165289953137120e-07 0.000000000000000000e+00 3.143067615391028757e-09
1.446232736659674738e-07 1.535639855175883859e-07 0.000000000000000000e+00 7.716775398811774989e-09
1.435964260968853169e-07 1.355372074603021230e-07 0.000000000000000000e+00 6.286644049108708924e-09
1.486966708430395496e-07 2.150743163259602138e-07 0.000000000000000000e+00 5.648484756701509802e-09
1.228617183079229078e-07 2.399441587946631353e-07 0.000000000000000000e+00 1.050508969568725986e-08
1.358572215839297217e-07 2.229954796731985293e-07 0.000000000000000000e+00 6.051515842246165819e-09
1.018427846699509205e-07 2.503507797438343526e-07 0.000000000000000000e+00 7.631339790142185658e-09
1.173095549837662000e-07 2.629181607182161471e-07 0.000000000000000000e+00 7.820950136393930282e-09
3.574264369489294562e-08 4.994097252876575157e-08 0.000000000000000000e+00 7.552693464573827792e-09
3.360007305291942551e-08 3.273053140110730690e-08 0.000000000000000000e+00 5.892260768432764878e-09
5.686171830792292559e-08 5.994415879466316465e-08 0.000000000000000000e+00 1.050508969568725986e-08
8.041890388471608569e-08 9.363110897946719158e-08 0.000000000000000000e+00 5.395687088845875909e-09
7.140448128712206005e-08 7.889263134378158492e-08 0.000000000000000000e+00 8.008633435482080841e-09
8.041890388471608569e-08 2.736311089794671755e-07 0.000000000000000000e+00 5.395687088845875909e-09
5.494706009976700961e-08 2.932959543044501638e-07 0.000000000000000000e+00 6.495272546699447235e-09
7.886364336930322766e-08 2.935384289982453039e-07 0.000000000000000000e+00 9.100517742181517831e-09
3.359769331384500895e-08 3.190159149683826543e-07 0.000000000000000000e+00 5.889263486059584144e-09
5.038529381438008021e-08 3.098969950446915699e-07 0.000000000000000000e+00 6.853494772159832715e-09
6.482902244202438648e-08 3.104886780556505329e-07 0.000000000000000000e+00 4.353933728301248487e-09
6.485122903315341189e-08 3.008165289953137092e-07 0.000000000000000000e+00 3.143067615391028757e-09
3.789737863173390745e-08 3.381331431551970198e-07 0.000000000000000000e+00 9.223489946383479453e-09
5.102458085844944964e-08 3.252301683832786849e-07 0.000000000000000000e+00 5.046218894587327567e-09
3.120456833717995555e-08 3.538713421724423846e-07 0.000000000000000000e+00 4.034313748056373565e-09
1.575452885748245479e-08 2.102863004848904006e-08 0.000000000000000000e+00 8.550322463966186796e-09
1.262327366596750940e-08 3.435639855175883667e-07 0.000000000000000000e+00 7.716775398811774989e-09
1.159642609688535256e-08 3.255372074603021303e-07 0.000000000000000000e+00 6.286644049108708924e-09
1.630956283438861591e-08 3.615758570351271366e-07 0.000000000000000000e+00 6.530991847136245893e-09
